top10 tstsc pacc salar rejr spend strat apret
32.2794 74.0941 41.6344 71051.4 56.2474 18871.1 6.64841 77.1197
22.695 66.4649 44.9726 57720.6 16.776 7443.93 20.1626 68.9015
39.0492 64.3666 49.7204 57912.4 44.4426 14543.3 15.6189 58.0818
30.4588 61.6386 39.7706 66796.9 30.9623 6447.95 16.7439 43.4439
73.0368 75.7301 55.7671 65398.5 43.6941 15585.1 15.9974 52.4018
22.4015 64.0029 47.0097 59520.4 10.2568 9100.36 13.4732 63.9199
76.7694 74.5102 26.9315 68105.5 38.6707 15198.4 17.5341 54.3717
44.6914 65.701 30.6815 65297.6 29.5453 13022 19.443 55.1134
105.121 79.7525 52.5102 70803.8 65.7658 20163.6 9.14724 106.011
68.3801 75.1767 44.7911 73191 48.9416 16443.4 14.3916 75.2074
11.2272 55.9476 41.9714 57867.3 41.7868 8962.62 19.2805 30.4358
36.3038 69.8522 52.8942 60728.2 33.6089 13389.1 12.0276 50.6203
30.7461 65.3071 57.5367 59474.5 36.3939 8109.94 17.9063 71.5167
7.15069 57.0193 39.5539 53993.5 19.598 8652.7 16.1613 42.7081
40.7842 61.7173 33.8644 57816.3 16.8427 3361.35 15.7933 63.6826
44.5277 69.3157 36.9125 77618.7 40.7394 13344.5 13.8822 47.2749
43.9235 68.0988 45.3519 77746.2 30.9636 15337.7 14.0254 66.259
58.6569 71.105 61.4245 55906.8 35.7672 13762.2 15.1037 65.6547
39.1357 60.1093 50.2996 54393.6 24.9557 13970.2 8.59509 34.9706
14.5803 62.4335 45.6009 62596.7 9.47908 6454.86 11.121 38.8688
33.2777 63.2663 44.5344 49001.3 36.0483 6541.42 17.6489 45.9309
55.17 70.7812 51.2502 61823.3 57.5961 15606.7 8.03682 70.6818
5.3791 64.5738 41.6413 54869 19.2813 2603.07 18.4706 50.1393
41.6894 63.3612 11.7874 62305.5 43.5906 6168.56 17.8653 59.3686
51.0427 67.459 41.3835 56216.9 29.3156 13012.8 16.0935 53.8945
36.8306 64.0866 34.898 63729.4 26.2812 5923.89 14.5043 55.7678
40.0171 63.2535 58.0684 62851.7 35.0667 11736.7 17.4756 49.2587
50.1072 68.84 45.4594 64974.8 45.0792 10902.3 18.573 57.2377
7.38248 59.1998 51.1364 51261.7 2.72219 2299.27 15.4887 52.6748
38.9456 59.7646 40.5938 64002.1 30.0237 13795.2 17.1466 34.9645
48.9022 63.8562 75.9866 51214.2 47.3146 11321.4 11.0429 44.2776
40.2737 64.491 44.2191 61275.3 36.3759 7353.22 20.7286 60.3409
58.9737 71.3455 41.9379 62141.8 34.5054 15983.6 13.1883 73.9088
38.8223 58.9667 45.8955 47039.1 35.0413 4785.24 21.0344 43.2236
66.5769 78.3863 50.9445 66492.8 33.652 22919.1 12.2206 92.5212
42.4391 70.044 60.6988 59448.1 11.7677 6549.61 16.9768 71.7429
39.5871 64.4334 29.8744 53764.7 34.7646 9014.55 19.2297 50.6663
13.5689 68.4187 55.0154 54297.9 26.0097 8755.87 16.7878 62.0073
71.4973 70.4802 30.3408 64981.6 47.5485 14779 16.0838 69.1672
-5.93615 54.2492 46.8689 47368.2 -9.13189 5138.01 21.5941 26.739
13.951 55.423 46.414 46657.4 -3.2009 -3180.29 23.9134 40.1548
62.4614 73.0016 38.0715 74617.8 28.4283 20658.1 6.25074 70.6163
3.98126 51.6825 25.2116 48887.2 2.08247 -3071.48 24.0967 35.3134
38.0553 67.1313 36.2597 73549.4 60.5676 16884.2 13.0435 44.7689
33.2374 61.9551 42.2813 52922.7 20.1002 4896.33 11.4314 54.9442
19.7653 66.1449 47.1266 60340.8 45.9899 9664.36 16.5517 45.6185
16.6583 62.3574 37.5605 58381.8 43.6872 10754.8 20.4968 47.4788
55.2572 76.4964 50.5649 62850.4 39.227 13283.3 20.5551 59.602
-7.79591 60.0029 53.5277 52567 6.76965 6794.24 11.1073 60.0088
52.5815 65.1694 58.3773 50991.5 37.0401 9955.29 12.0389 65.8801
66.127 68.9693 78.9691 65774.7 33.2543 16320.8 10.7512 66.2037
23.3033 64.4232 50.2408 56257.8 44.3371 9718.11 17.388 59.5409
46.8394 65.7293 38.3508 64329.9 55.5471 10099.3 10.1086 63.6032
46.3228 71.5046 58.2913 65240 33.0296 14056 16.8497 72.7848
64.5219 71.104 17.1808 69810.7 47.0696 15963.6 9.12045 68.2204
16.6466 59.2164 56.0972 63163.8 22.2878 8092.56 13.0209 62.8337
39.7733 68.9714 36.6275 62811.2 12.9575 7137.73 19.7206 53.5919
35.2119 71.6455 21.8569 74201.4 28.9337 11629.4 17.025 60.474
32.5467 69.6002 60.3302 70487.8 38.9393 17991.9 15.0371 47.3681
56.8841 71.457 45.0695 73529.1 50.1206 15507.5 14.3337 58.9501
24.5351 57.4783 13.3495 61756.1 18.7049 6900.69 18.3938 39.1159
36.2961 68.9234 56.7001 57880.7 32.5744 9433.33 16.9122 75.8614
40.3355 61.9341 61.4998 51326.5 40.3511 7404.75 14.7458 59.7718
65.6388 74.0266 48.3954 66073.3 46.0994 13521.4 11.7106 77.7598
13.4871 56.151 5.0596 67898.3 31.3113 13512.4 18.9791 29.0632
54.8004 71.1021 22.7378 62328.9 24.9981 16224.4 15.1914 81.3403
47.1058 67.2227 52.3623 70441.3 38.0707 19321.2 11.8362 73.1055
84.1116 73.3606 46.104 69466.8 28.4646 14494.2 14.5902 57.8637
21.8205 56.4978 46.8802 62241.1 22.5786 11669.9 15.5777 43.2712
32.0597 57.2231 33.504 57274.5 11.0225 7547.97 20.4616 31.9016
33.3447 62.0511 36.8981 59084.9 51.4449 9792.13 18.2465 32.3354
72.6508 75.9026 42.5987 63159.8 60.7603 24492.1 10.4532 82.659
33.3244 62.104 39.2496 58017.6 23.0755 5347.89 14.1218 52.2506
94.5382 83.0883 50.9511 71841.6 54.4484 16955.4 13.7694 79.7201
54.8096 71.9974 48.1266 69622.5 74.3426 19397.7 17.7526 42.3863
31.037 60.3248 44.8983 61707.1 32.7361 7998.39 19.9047 44.5216
2.11934 58.4244 48.7816 39419.9 33.8713 -450.756 24.3031 46.5292
34.1907 64.9697 47.0828 60383.3 21.0825 8862.71 17.6489 57.8104
32.0235 66.5453 43.9222 69109 39.5979 12028.9 19.939 62.36
20.2937 61.9293 47.8295 54967.3 11.4226 5538.2 18.3214 42.3658
15.3385 55.9283 24.1051 53187.3 15.2838 9440.3 18.1183 49.6975
42.6009 67.8129 38.6013 69134.1 25.5024 12256.2 11.9356 78.7001
47.4486 69.4952 20.5182 83783.1 37.3771 15062.9 7.77045 66.0903
-2.4141 63.24 52.4754 61880.7 25.9898 14204.8 12.4336 70.5393
30.3016 70.2051 53.5708 58398.5 30.9964 15036.5 13.4582 69.3128
59.9542 62.7132 27.3964 69485 28.6865 12528.2 14.4624 54.9538
44.3471 62.8612 23.6631 70121.2 61.6065 13198.1 11.8589 63.741
48.3065 65.265 54.6697 65747.7 34.6719 13526.5 16.6912 48.244
53.0193 78.2596 37.0078 71901.1 31.2242 14527.3 15.5745 63.5548
22.9383 62.2578 40.2779 54874.4 39.1695 9784.86 16.3579 46.7373
47.132 68.8266 24.0271 60600.1 50.9518 11031.3 18.3194 35.5607
52.9254 68.4525 63.3411 54027.9 21.7865 9712.43 13.6831 47.5805
74.8271 73.2805 49.9372 66432 41.6837 12709.1 17.6463 72.3398
43.1361 68.8253 43.568 69186.7 28.9574 11369.4 13.4284 68.6659
62.3416 72.0736 26.6526 59211.1 43.2556 14150 14.3891 79.8227
8.85908 64.2502 20.8331 61415.7 9.6295 12151 12.6528 58.6716
28.5734 63.6286 49.0562 65163.3 37.7902 15665.6 11.4571 62.1596
-14.8222 58.4786 34.4732 56366 12.5988 666.293 19.7633 41.2708
59.6626 67.5272 37.763 67180.5 33.4641 12307.1 14.897 63.9612
87.1028 84.8319 31.6837 83435.1 74.9602 25214.9 9.97442 100.008
24.7117 64.8222 22.6777 69741.4 27.5063 8351.96 14.9435 52.6307
52.9403 67.4069 39.4991 59510.5 18.0183 11394 16.0525 68.7511
48.9174 70.5745 47.6651 51377.7 31.517 15467.2 17.3998 81.0588
31.7423 61.6538 40.5872 68424.2 7.4003 9005.42 19.0757 37.2717
79.511 81.2251 57.7346 72741.2 43.6035 15939.9 10.9898 89.328
29.193 69.4018 27.0192 73553.8 25.2099 14453.2 16.3457 71.3346
41.3888 59.9517 22.6321 63817.3 50.8018 15059.1 13.8558 43.5079
36.2509 66.716 31.8487 63684.9 26.8416 2950.76 18.5218 59.3348
3.42533 50.1019 34.5197 54047.8 -24.0744 525.741 22.8198 20.9044
11.614 59.0074 36.4345 61803.3 6.00699 1640.21 23.2956 40.1151
34.8103 67.0695 47.6011 57927.1 21.7221 10414.4 15.3494 67.9535
-14.0209 53.4938 54.0388 48017 0.231334 4203.44 19.9931 33.0686
24.8117 64.1106 36.8354 60359.9 8.58059 9871.47 19.256 54.5727
60.1668 71.4563 37.258 73563 32.5989 10708.6 21.8014 62.8576
8.3941 58.2938 30.2243 60850.1 9.03153 5951.09 14.8091 30.3163
14.3931 63.0898 28.3759 55494.8 20.6892 10051.3 14.3648 57.8916
51.36 64.515 48.6706 57304.5 36.5 10217.5 17.187 33.5949
10.4782 60.1175 31.0395 55514 18.0245 3761.9 15.6737 62.8027
3.37682 53.4249 49.444 51329.3 -9.8973 192.38 17.6373 36.1491
28.1755 65.8479 47.9314 55631.9 7.29387 5097.23 23.5316 55.0006
4.5849 48.4813 48.5997 42698.3 11.4763 1327.21 16.4039 32.2802
26.4126 62.6795 53.3109 61273.2 41.5715 13827.6 14.2556 39.4916
31.1332 67.1467 45.6143 59669.4 27.8114 14898.4 14.5756 57.4688
42.283 70.8809 49.9082 67919.9 52.9777 11408.7 15.2851 85.0344
48.4861 69.7085 52.7848 60005.6 34.0356 12047.9 14.6286 59.6338
33.9446 67.061 51.6262 66935.6 29.055 18317.7 13.776 76.8438
9.37688 67.9083 34.9533 57002.2 18.9187 5285.22 20.6457 68.5992
36.3369 68.3217 60.2106 44328.6 10.5629 5592.4 21.1889 63.6993
38.4087 65.839 44.8173 58752.9 29.8617 12310.6 17.3597 42.5417
61.2237 75.5641 17.4582 64714.3 56.6399 9203.51 20.4668 69.3238
62.3662 79.5288 65.746 75909.3 48.2134 16764.8 16.1302 74.8501
22.4792 74.1897 47.8028 62470.7 12.933 12501.2 17.1941 67.3923
32.8337 66.9785 47.9247 58416.7 12.4845 7256.44 22.8179 34.0402
51.055 69.558 54.277 59231.5 53.6912 20756 10.3835 71.8573
46.0471 68.0936 36.6331 70837.5 44.3645 14289.2 17.2368 42.4537
82.2335 76.1329 40.5012 77486.2 66.3456 19005.3 9.64108 71.8076
56.1138 74.6615 27.3129 76000.7 53.621 19740.2 16.1888 70.6415
65.6485 73.7865 46.5148 74277.3 57.8154 17733.6 5.17417 54.3569
27.593 65.9984 62.2466 63894.1 26.7645 11853.2 17.1929 29.8453
35.2471 66.5621 50.5764 66492.3 18.4535 12043.7 18.2051 36.9701
48.5285 69.9109 44.6036 57271 44.831 20512.3 7.48222 52.8297
23.7609 67.2722 50.2385 68557.4 36.7721 10855.9 14.3273 52.5396
38.9139 68.208 55.0769 58986.6 45.7853 13211.8 13.7751 49.7263
50.0478 72.4165 29.3753 74674 39.8791 24035.9 15.1736 72.3225
49.9914 77.7527 75.1915 60606.4 30.2505 13128 12.6681 71.1372
31.3463 62.5514 50.1628 56317 27.674 7078.13 17.8323 55.3434
38.6771 62.9945 26.2839 60010.2 37.4198 13036.1 9.76705 56.0703
54.7968 67.4359 44.7832 62257.2 46.0686 12538.4 18.4687 55.0724
60.6492 68.0021 44.0169 64629.9 42.2095 11045.8 16.8205 85.1041
34.7577 56.2481 56.1814 52105.5 29.5313 4985.75 11.3879 33.9941
42.8919 72.0819 43.7021 69470.8 54.8026 15785.4 10.4688 77.6226
40.1689 69.7926 56.5093 69669.5 19.6001 15579.4 17.1895 65.6749
90.2483 85.1859 45.3939 79605.1 64.9911 21102.6 15.247 90.1058
133.381 85.3082 43.7505 78723 73.3391 19953.9 10.1476 107.434
67.671 77.2691 16.0079 79594.5 61.3532 22726.3 11.2451 78.8705
38.7791 69.2276 68.6372 58835.3 46.4205 14119.6 9.20395 59.9907
50.7622 62.4368 36.832 63406.5 49.4706 9155.97 10.4456 52.9128
28.9171 64.0966 50.3176 56186.4 30.0729 8587.8 15.5463 60.0467
54.7241 61.0978 29.3527 52773.8 38.0229 11216.3 15.9325 42.5591
15.7713 57.3772 9.93323 60819.3 32.7908 15907.6 14.7891 20.8556
55.2118 67.9362 45.2883 57744.9 37.5201 13941.6 18.8836 62.4554
13.8378 52.7406 28.7989 56223.1 12.3785 4578.67 12.814 29.7195
39.5057 70.4463 27.2985 59568.7 31.6078 9055.67 17.8017 49.7818
54.4666 65.3302 42.0375 60802.9 17.3826 10489.1 9.5339 86.9851
51.8497 73.9213 49.9953 66873.7 29.5844 8038.46 15.2293 66.1894
64.337 71.0844 55.0924 61139.5 34.3964 12146.9 13.193 70.009
44.1224 57.7967 51.2667 55306.1 25.8468 8226.94 18.0851 31.2677
82.5994 77.3585 57.4389 73547.9 64.1097 22293.4 13.6402 74.6023
35.8425 70.1686 23.6933 65750.3 36.4248 13833.1 11.0478 32.8173
17.2074 65.3567 57.8596 59252.2 14.9606 9436.47 14.8213 60.4413
54.4064 70.4231 41.9572 64017.2 47.5088 7092.44 16.0873 57.2011
64.4077 74.3938 28.2836 73811.1 1.7397 13136.4 12.6141 82.8077
0.663263 54.3547 61.0078 51441.8 14.8364 11903 14.9941 37.7867
58.6585 67.6531 47.5783 58429.1 46.4986 12328 14.8544 82.3036
28.8816 63.128 17.5477 50675.1 30.6304 8177.02 19.4168 33.5403
36.3542 66.9839 41.1543 62212.9 12.3428 7937.95 21.3326 51.3786
33.3586 62.3121 37.5797 64908.6 32.657 8504.91 16.6004 55.4234
42.4891 63.115 40.2657 56784.2 36.6322 7568.14 9.73089 58.3542
54.0609 66.2224 52.6468 66830.6 65.6204 10831 9.99036 60.9249
69.2384 72.1202 15.6957 78078.7 52.3283 21566.9 8.86198 66.2349
-12.0188 59.5375 19.372 51552.7 23.4558 6291.25 24.2394 43.2869
38.4848 67.945 67.2242 54932.3 22.2294 3677.48 22.8833 67.5795
18.8295 54.895 47.8608 47872 19.6593 10797.4 14.9668 14.2127
15.9581 64.0866 44.0075 64261 5.39477 5234.64 16.4011 50.1479
26.9212 71.1879 36.5078 65453.5 9.69719 12978.5 15.9651 60.6167
45.8091 69.2136 37.9571 65674.3 36.5387 10839.2 20.4077 64.2965
24.7527 61.1317 13.8225 69562.7 22.9315 11655.5 13.686 47.5154
38.1394 65.8562 28.8669 65687.4 40.4029 9646.45 17.4287 58.1945
20.2719 66.9118 35.0157 57951.1 18.2409 5899.25 19.7032 47.4857
58.474 64.5894 47.5708 60884.3 35.0162 14929.9 14.5362 41.9106
43.8271 62.2356 63.6551 46964 44.6058 11813.1 16.5332 55.8668
51.4872 65.6716 35.749 57992.4 43.441 12394.2 8.52893 86.0366
44.8184 69.1427 49.5679 56271.4 8.29969 10260.4 16.77 51.8775
57.5433 68.1455 49.6418 59973.3 32.4021 10895.8 19.9799 64.4913
42.7279 65.8827 18.2179 67123.1 81.8703 17930 15.7593 61.3212
60.4523 67.4451 57.2612 71302.6 42.465 8151.36 13.2099 59.4071
84.6916 84.4875 30.5743 74285.1 70.9873 23983.1 9.67948 97.3534
76.4479 74.1357 45.3034 57851.2 40.8526 12563.4 9.66299 101.59
40.0094 68.894 38.0825 60480.9 7.07753 6859.18 13.8547 54.0296
22.7349 66.3167 55.958 53890 25.4736 6158.53 19.3125 61.0191
28.3733 68.0673 53.8497 57977.6 30.7633 13055.9 9.1652 54.9061
36.7057 66.097 32.3725 75305.3 43.8238 16572.3 14.9038 57.7519
98.3546 79.2698 44.3396 85466.6 61.7626 20171.2 13.0535 100.72
60.3486 70.7005 37.1531 75317.6 39.1079 16755.1 15.3622 83.6544
18.0642 62.1838 18.561 57642 7.74838 2256.14 17.5043 33.9214
41.0383 73.4871 20.8592 67965.2 37.8701 18555.1 10.9612 80.0756
69.8657 73.8856 40.3732 69573 41.7234 8946.08 15.8799 73.7304
23.0405 66.7368 42.0704 61715.4 2.735 9841.56 13.1157 59.6656
22.7621 64.5629 52.8813 59634 25.4951 12190.6 9.21035 70.6961
43.7465 66.1413 26.8648 69252.8 53.7538 11785.3 11.179 76.8681
17.1672 54.3389 25.512 53780 16.1956 8690.7 12.5601 52.4413
79.363 75.7226 31.6077 80377.4 44.0113 16953 17.354 75.4747
58.6854 77.5052 36.9548 68139.5 56.5076 20969.6 16.3663 92.6836
-7.33044 64.0971 32.1918 54265.1 17.1296 2578.33 15.8982 53.9482
51.9479 72.4318 53.5406 73477.5 25.595 20074.6 13.7008 85.5222
40.7149 61.8759 50.4 53426.4 -12.2948 6607.1 17.55 50.6642
34.5669 62.4963 54.141 61238.9 44.3311 8504.84 15.5452 60.5027
38.7289 58.9993 36.0954 65444.9 27.8673 6593.36 16.5436 37.3501
69.5066 67.1804 42.0139 59376.5 67.3703 20661.5 9.97952 68.2398
10.0171 55.7594 33.5513 45691.9 9.48033 -1414.92 25.3731 17.1287
51.5249 74.2687 29.1826 72020.4 58.5333 15959.2 16.7392 68.5806
35.4231 62.6754 55.0378 41813.7 16.4782 9701.3 21.8309 54.1437
18.7345 65.1243 59.6661 60226.2 29.0208 10933.4 16.2119 85.1193
17.4909 67.6356 67.9989 58624.3 42.8891 9405.94 17.5588 80.7744
21.6634 66.5001 49.2694 53961.3 27.8611 15847 14.6186 64.8133
49.7397 67.1666 27.103 69553.3 36.5527 9778.71 16.3992 63.0153
7.3349 57.6222 60.8585 61767.2 25.6121 6151.24 20.0766 35.1614
-2.09996 53.2127 56.5231 54845.8 8.14957 7814.49 19.0197 35.254
35.0593 72.2655 40.3334 73020.3 49.0037 18493.5 12.124 80.1442
24.7694 60.021 35.1182 55071.8 10.8725 2542.75 17.85 24.2149
44.1381 72.6102 70.3601 68332 39.9987 11199.6 13.375 68.7946
72.6535 73.6358 51.1208 64128.5 52.5491 12193.5 14.977 66.4304
40.5246 62.0242 46.6316 43149.6 23.0249 6935.6 16.648 61.2686
50.571 68.5085 32.891 73198.5 36.0967 10985.9 11.6319 66.5351
44.8924 67.5602 51.8053 56302.2 51.2106 5404.03 13.9993 56.7808
41.4595 64.8718 40.1078 57578.1 42.4455 10879 15.23 70.0888
62.2814 67.4509 39.7242 60290.7 34.7395 15693.1 14.1449 66.6904
36.8834 68.1796 45.1671 60787.1 3.42683 10228.4 19.6017 73.7607
67.7542 71.7038 48.7409 67041.6 53.6091 22552.7 14.4236 51.6701
7.50379 67.6959 30.6411 73075.5 41.0299 12884.7 14.9235 72.2478
54.7611 68.4679 41.5709 54709.3 19.016 8174.02 12.6913 54.424
52.2193 76.5595 33.1586 80651.7 38.8362 15461.9 12.0131 79.9973
38.291 69.658 45.4439 54492.3 28.8007 11450.3 12.6641 58.4152
73.9511 72.0924 52.8938 61630.5 40.3484 11955.9 11.5768 88.4594
4.9005 59.8422 57.0207 57478.1 12.53 6108.63 27.2113 30.2759
28.4894 64.8543 56.2101 60279.8 49.0853 6027.58 20.8854 59.0619
11.6406 56.5181 38.0403 45457.4 23.0548 2822.43 15.1721 31.8455
54.8953 73.4292 51.6212 73885 30.3752 17376.2 10.6444 86.0468
11.0997 57.945 38.4127 56999.7 16.6393 -2045.49 25.1524 39.552
28.7891 59.651 19.2018 57997.6 21.181 6137.44 14.8233 43.9317
64.9019 69.9383 7.53434 73326.3 42.8761 14202.2 9.24038 74.4484
24.95 67.0718 25.8887 73836.8 52.5822 20377.5 15.0665 48.6212
80.1414 75.5621 16.4594 76940.3 65.778 10752.3 17.6825 68.6771
73.3594 71.191 43.2117 70753 57.807 24164 10.7539 76.6717
34.9094 58.9905 51.1132 57468.6 14.6764 5990.48 17.1557 41.5062
38.0416 56.6723 40.6913 59218.5 10.2909 4356.22 15.8791 56.6126
25.7384 68.8248 64.7416 72689.1 32.5751 14200.4 21.2703 71.2251
29.4951 58.247 44.6683 50021.6 12.661 37.8865 19.6173 50.9706
58.5944 67.6004 45.0244 60669 26.3992 12111.4 17.1005 56.607
49.1659 69.9497 48.8963 64330.9 40.1717 18450.6 9.95351 77.4376
5.62716 52.1006 45.8942 42218.5 12.827 -88.1807 21.2289 34.434
48.5546 61.6597 47.2918 58704.4 37.0574 11553.9 19.9051 34.5767
46.6766 67.616 39.9659 65923.9 35.1812 10273.4 15.6765 66.6693
15.7696 59.9915 43.0399 64885.3 40.3203 13277.1 11.7642 55.0033
73.4289 71.4077 59.3809 61567.9 46.3144 14052.7 15.1863 79.1511
-22.4216 52.4007 31.3741 51654.6 -11.3579 2703.48 17.825 27.9403
14.7314 53.1237 26.2441 46418.9 9.74887 936.199 18.9288 32.4877
42.006 67.3912 49.3292 65747.2 62.5024 19107.8 16.1904 65.2829
9.07085 59.9041 44.6814 56243.9 32.9996 12023 20.2811 11.4871
-11.56 49.6507 50.4478 39457.2 2.33073 -889.382 25.295 15.5231
20.7322 60.315 27.3571 63988.9 15.8603 12701 16.7145 62.7159
48.5027 68.8383 42.3553 64637 47.8737 11292.1 20.232 46.4623
29.2307 61.9429 43.8167 52207.5 35.5279 10260.2 12.1861 53.7378
48.6627 67.2922 37.0815 62282 24.2431 14298.9 9.77774 39.7246
67.0927 78.8723 41.6171 70453 52.3809 22681.4 7.94339 75.0898
14.3112 60.8957 34.0795 58289.7 21.6723 13980.4 16.2754 51.6447
12.8733 57.7132 42.6384 68861.7 30.9494 15493.8 15.1333 42.6952
38.6852 63.2316 46.6844 50620 18.0616 8747.16 15.2154 74.8717
41.7215 59.1561 33.12 57393.3 38.9799 4662.19 19.4896 42.3808
-7.63488 59.2007 42.4882 54967.1 25.1126 8979.74 16.9171 47.1862
50.0073 62.8104 15.8453 68210.1 39.7179 18938.6 15.3989 37.3121
81.75 87.1077 18.9219 93195.3 64.6157 27730.7 7.51192 97.168
87.804 74.7812 42.2059 78080.7 66.1914 22476.5 15.2071 85.1293
3.15129 61.8376 46.6497 54547.3 6.44688 5858.65 17.5668 42.6559
68.0017 77.7183 63.8159 65822.9 40.5224 15592.9 11.3996 68.6056
19.5376 60.6178 16.5869 65712.7 17.8978 2921.44 23.176 43.7457
46.8527 69.7986 60.0879 54571 59.543 13841.9 15.5365 67.2522
26.5753 60.5773 41.4782 41553.3 4.84521 1584.06 22.3213 43.2072
33.9559 68.9518 40.9468 57189.3 23.168 15243.9 13.337 58.7198
1.42207 55.5049 68.4436 46277.7 5.92687 148.654 19.4833 23.2908
49.0575 72.5607 47.6212 68820.6 54.2309 10934.7 12.4314 83.0745
6.26862 65.3502 55.8643 58564.3 2.80173 5962.26 22.1028 51.9951
16.0805 61.8113 27.1993 59633.5 20.0411 13813.6 17.1478 23.7023
48.3769 72.3087 54.7426 78985.8 41.2687 17282.5 10.6454 51.1082
36.5914 70.3044 15.4204 74826.3 23.0555 16194.7 12.4877 74.9902
46.3959 72.6918 43.1572 61609.5 33.6715 14528.1 13.6588 70.5649
88.7844 80.5024 52.5339 73699.4 40.4627 20589.3 9.77494 83.5696
4.21494 51.9886 36.8349 59590.3 35.2301 8813.38 16.981 44.7817
6.13632 58.6031 20.5065 53728.7 14.5057 5493.13 18.8962 49.7409
60.7722 71.0853 37.5378 69577.2 35.8725 14097.7 13.5989 62.0253
-3.98401 60.3276 33.8972 49853.8 22.2508 8085.13 7.79556 40.2
59.9009 76.2495 43.3507 75691 42.9126 18326.9 6.87967 76.0248
60.1976 72.9713 30.831 72414.3 62.8341 14036.6 16.4836 74.6239
63.3186 68.7786 17.6079 64856 29.1799 15892.3 11.859 58.3973
69.0413 74.8 42.1103 63642.4 36.0033 18203.4 16.7932 93.8241
44.478 68.7755 26.8575 62817.3 44.6203 13175.9 10.4165 86.4206
35.4505 69.319 41.3789 67416.3 30.1817 14802.1 11.9932 55.6504
36.7055 67.1248 44.8012 67206.1 34.6353 6788.59 16.0864 46.3271
34.3035 67.7722 47.9508 61222 40.4975 14884.8 10.279 67.6905
16.2382 63.5311 61.3947 61097 28.2798 8405.47 21.7838 49.7485
52.3141 69.7951 49.8879 60365.5 40.4752 17447.3 7.85288 87.1266
3.59659 57.8665 35.81 58001.4 -8.15006 2398.29 20.4943 42.0208
59.4419 75.823 67.7749 62488.7 48.6166 14806.9 16.9739 63.2085
56.8883 66.5502 70.0241 47894.7 41.2653 12324.8 16.1936 55.4078
67.1407 74.0763 34.348 73121.9 51.4167 14660.1 14.9224 69.5831
30.7887 66.1322 61.0961 51933.3 0.345078 7018.2 16.527 57.8116
81.4446 70.2324 53.4611 57582.9 37.8085 10902.1 16.558 67.4879
1.32308 58.9797 36.2353 54986.2 10.9711 13359.5 21.0256 30.2035
30.2938 73.5802 42.8183 69374.5 26.117 19237 11.4897 66.9377
40.6404 70.4287 39.8972 73921.5 46.8629 16145.6 9.27003 52.1891
44.752 61.687 34.2507 62081.9 0.844094 14185.4 13.8361 46.6603
48.0798 72.5494 41.2663 60930.3 41.421 9774.76 18.7029 57.4681
63.7627 68.5507 57.3916 69624.6 48.1572 10919.5 14.5977 32.934
74.5198 80.0384 24.7236 81063.1 27.4164 20763.8 11.3302 87.0573
89.7561 83.2275 51.6687 80108.6 63.9043 14395.7 15.5259 110.582
52.3628 73.4071 40.2832 59963.4 16.6208 6133.67 15.3367 70.3436
13.3524 62.7242 31.3182 58617.5 24.0686 9349.43 16.1141 47.2948
5.18821 65.6897 52.9946 61024.5 32.3847 19041.3 7.91416 59.5135
-2.62147 57.0001 42.6348 53638.6 3.11432 1328.18 20.9244 38.5163
76.5797 72.7381 23.2744 61796.4 50.823 9426.59 20.618 51.9903
68.0478 75.6167 20.1743 89959.1 62.5041 22027.3 11.0117 105.68
25.199 65.59 48.767 65237.1 10.127 9635.96 14.4593 41.5642
54.2954 77.268 43.8926 74608.4 38.5001 19880.9 17.6017 81.2333
78.0225 69.5634 33.1412 72681.3 54.0673 16030.3 21.3135 86.2989
55.1439 64.3919 38.0597 55306.5 35.8514 14040 17.2566 64.7783
58.4089 72.6559 10.7112 78270.5 54.6947 16377 16.0062 63.3826
36.5792 73.7846 36.6311 69432.3 48.8067 13238.6 9.1661 78.3084
27.977 61.3555 22.6309 54914.3 44.9971 10128.3 25.2911 29.2259
44.3198 73.9474 24.5024 66210.7 35.2536 15429.3 13.794 80.6146
61.4591 70.727 31.7416 70944.8 62.7349 18003.1 15.6197 55.986
49.4722 66.2787 58.2342 71907.5 36.2486 12365.8 16.5622 61.4708
8.89451 54.3206 43.3832 53150.6 12.677 -857.373 21.4104 39.1741
7.38845 58.9294 43.4786 46167.7 -1.81199 -871.671 17.8042 62.3654
35.0883 68.3067 19.0912 65849.5 52.7599 11149.3 16.3997 74.4453
27.2731 65.8175 30.6961 68514 32.6355 11466.1 21.6986 54.3704
39.1549 66.4086 39.3617 58245.5 31.9926 15143.7 14.4584 77.4627
-31.8195 52.7477 45.4084 53923.5 -7.79335 5180.81 14.4936 19.123
70.1156 68.1648 35.2746 56681.9 35.7906 12406 11.9517 70.4826
23.9642 68.5481 49.7309 58231.2 20.3787 10697.7 19.6603 42.5418
30.9519 68.7503 75.1532 59478.3 34.8996 5595.49 17.3929 72.0769
31.5049 69.7482 54.5695 67715.8 25.6827 11646.9 10.8411 53.563
49.3874 67.6562 21.1787 76559.5 62.3487 19306.9 8.75194 48.2724
41.8789 70.6917 31.4211 65433.3 24.5758 18976.6 17.7634 60.7044
26.7428 63.3777 39.2782 64178.2 45.8597 14003.7 10.9244 66.3211
-8.69517 65.1771 35.4757 62594.8 14.4584 10795.9 20.8075 59.0312
94.2726 79.7635 42.8169 78075.6 63.3502 22377.2 6.2556 61.3647
12.1319 60.3726 68.1224 50023.1 37.6071 4662.98 15.775 70.2541
51.3294 72.3785 46.8707 72312.6 39.8083 13129.7 16.9539 63.2858
59.222 67.0015 49.4063 61729.2 33.8362 15508.2 11.437 58.6842
71.9283 72.7859 54.2284 64789.5 78.2015 15761.7 12.9918 71.0437
62.1045 80.4342 55.4192 72580.3 38.0499 19026 16.441 83.5605
39.9672 60.9523 51.9054 48776.3 22.2031 8261.16 17.7563 57.2945
22.614 60.9509 52.4216 54658.3 24.3203 4291.67 14.5233 72.2544
21.1831 59.7955 27.0998 64350.9 13.3774 8881.49 17.2479 51.3733
50.5059 70.123 82.955 59236.2 62.2414 18320.8 9.72533 65.4866
63.7294 74.5982 34.5901 65007 45.3453 11403.4 12.0774 77.4201
35.7612 60.604 55.0197 58780.4 22.5375 1104.92 27.7802 33.1212
-4.35498 66.0694 26.423 71088.6 29.9275 9050.83 19.4781 67.0125
47.4424 65.8676 28.903 81530.9 23.7373 15877.6 19.899 71.3239
53.9473 70.0345 43.4909 64305.9 27.4933 12347 16.6422 71.1642
30.6976 62.9843 53.3106 69963.4 33.0458 12075.4 11.9691 57.6894
66.4788 72.4432 40.0969 65536 42.2228 14819.8 22.0382 80.9309
21.6398 62.252 52.0405 62926.7 23.2818 14011.3 12.1877 50.1406
8.98681 59.1556 48.7702 53613.1 3.49576 5494.12 16.9022 42.056
8.85844 66.8747 41.3138 65500.6 26.2944 11724.6 16.418 58.8657
23.9101 62.5253 28.7431 69738.2 35.0972 17523.8 11.2241 57.6018
18.4453 64.3767 44.3267 53708.4 23.5925 9846.77 21.8082 44.7382
18.9094 60.9469 37.5499 70017.5 51.9955 15670.3 17.5921 49.1184
52.6284 57.6726 41.7843 49637.1 26.5504 4273.47 13.505 36.314
21.9418 66.3001 43.7352 64889.5 20.4359 6048.73 11.5653 64.0393
80.6306 86.5035 47.095 88494.3 68.534 16630.1 10.4811 112.79
14.2066 51.3973 38.734 52322.4 7.09278 829.1 21.3787 34.085
35.7252 69.6629 27.013 64526.5 22.3682 12407.4 16.3925 63.4728
32.7637 58.5542 27.9144 58712.9 37.3986 7433.59 15.4285 63.5218
50.8013 65.1815 41.5798 62509.5 37.9915 13028.6 12.4151 56.1833
30.7734 65.1874 45.7903 61501 19.5434 7867.47 18.8337 58.6758
48.4695 67.3683 57.7584 76653.1 34.3789 13128.3 17.2348 49.4208
-1.08844 49.5052 48.7425 41861.6 5.7882 809.199 21.7174 22.2658
54.0869 71.3883 47.992 64352.8 40.8684 15809.4 16.8171 55.9301
82.8783 69.1803 58.8082 54741.4 40.4643 7034.21 14.7771 71.7741
12.6142 54.3196 30.4761 56624.1 31.7898 8205.9 18.909 32.6061
9.88282 58.4154 43.1124 62431.9 4.12226 6705.13 18.6699 21.973
41.072 65.4291 54.8405 52666 9.13634 8565.87 20.8959 53.7095
-10.1616 49.7256 62.0636 41127.1 0.0634951 1126.87 16.632 33.7655
69.2618 71.1577 57.3011 71019.2 60.1128 17958.3 11.2389 60.1364
74.7212 74.5241 49.647 70012.8 50.2266 11840.4 14.3785 55.2958
-0.662594 58.2917 34.1382 61736.1 17.374 9945.19 17.0905 37.3465
58.9784 74.0419 32.5803 65480.8 34.34 17589.6 14.663 87.8491
16.7819 64.8373 36.4674 63147.7 14.0045 17883.8 12.8777 64.1648
56.5576 74.4668 48.9269 71621.9 40.8266 12863.5 10.5877 82.7659
11.0934 54.9814 35.3844 52057.3 20.5544 9464.76 18.1483 41.0679
69.7129 69.6921 46.9894 60574.5 50.0322 10323.3 21.6164 67.7261
18.5053 63.3386 49.8343 48755.2 7.92086 5999.59 19.4628 57.7429
60.0803 69.8799 34.4193 66337.3 55.522 11558.3 8.90495 71.9769
28.9588 59.2954 28.8633 63502.1 12.7594 10102.1 20.7543 50.7881
45.5342 70.3307 79.6026 62177.4 55.5419 18904.3 14.434 76.4211
40.1077 69.482 43.3051 65390.8 41.4402 10309.2 15.3022 63.3856
72.1358 70.6583 25.6543 77356.7 70.513 19146.5 14.6625 73.7213
60.7079 74.8502 50.7841 60353.2 30.5944 10321.2 18.3414 79.1034
18.5338 67.5273 4.87559 66337.9 5.03909 9051.33 15.6045 60.3414
87.2003 75.4921 45.7664 73361.4 48.4269 20980.9 11.4693 73.5822
57.07 68.0213 28.642 67587.4 46.5892 11236.7 10.0872 62.1292
59.5145 73.9045 68.3596 49474.3 31.3419 10894.6 20.3386 56.7943
28.1025 53.7766 29.9306 55836.7 27.8712 8101.87 21.4771 34.4097
29.3085 60.0987 40.8745 56719.2 32.8176 8095.25 19.1447 47.9275
52.9118 67.5088 45.5461 54554.3 37.6548 7958.87 22.9011 42.5691
44.5324 63.3407 51.781 53241.9 8.88395 10530.3 16.2542 53.2024
18.1655 59.4199 37.9248 37894.7 10.6098 9732.2 13.5543 58.9029
25.6774 56.2688 30.0716 56108.4 35.6154 10872.5 18.6716 27.9763
58.2531 73.9745 25.0217 75042.9 59.9983 13025.2 14.594 74.5331
9.74643 59.2685 31.3713 57589.5 30.3999 13495.8 14.3377 40.1258
68.3205 72.3094 31.7051 72057.8 20.9087 16966 18.3052 73.5647
31.9067 73.3527 78.4611 69674 29.5379 11842.3 17.7953 48.3471
35.4613 61.2923 54.9599 61370.3 19.0549 16693.7 6.41449 46.5498
42.2608 68.1761 51.7552 60070.3 12.5914 6719.25 21.9968 65.9153
-18.2137 47.6066 44.2397 46645.5 -10.0233 -374.592 19.4734 13.4899
19.7943 53.1982 29.224 54874 17.7093 6494.22 14.3149 28.8278
23.6262 70.4653 50.304 58485 25.8174 11609.5 7.41697 71.1898
8.54499 61.7004 56.6386 46581 8.23529 5682.24 15.9186 62.9023
15.6486 68.2926 56.3095 62592.3 8.24527 5228.95 23.196 47.5905
24.8627 59.4361 52.8564 49263.9 15.8703 713.61 19.4677 45.0277
68.8837 73.7107 45.0149 64550.9 40.02 19407.8 19.0578 83.0378
45.8818 71.3744 38.9075 70416.1 41.7036 10305.8 4.86461 64.7918
58.2543 64.5601 62.746 62821.3 26.9232 17024.8 16.2269 50.86
95.0409 80.6874 29.7001 82926.5 61.214 22680 11.136 91.2057
12.3479 54.9843 56.9481 56248.2 8.32613 5250.12 21.5913 39.5018
67.1484 73.1623 22.5931 71247.8 52.4591 17302.4 14.3944 85.9501
30.257 65.0999 41.2473 64310.7 37.3812 6063.16 15.3614 67.2476
29.1716 60.316 48.601 60649.3 8.06519 111.978 20.9219 52.8465
11.0451 60.1301 64.8526 54958.5 33.721 6566.54 19.2952 48.4928
36.1019 64.4872 58.4867 46868.8 32.865 5532.64 14.5642 52.962
43.3932 64.8202 49.4687 63576.5 29.0865 8666.29 13.9956 60.4366
42.1815 66.8797 42.1833 54576.7 28.5777 7742.94 18.7028 58.6097
58.4501 67.194 56.668 54144.3 54.2225 4754.77 22.1248 60.9332
26.592 73.5691 54.9622 66063.3 -0.53346 13721.5 14.6341 83.528
60.7247 66.5311 53.1694 61418.8 62.509 14116.6 12.2541 36.9969
22.2639 61.0373 46.1694 63256.3 6.27609 7095.06 14.2625 37.8779
44.0145 67.3057 59.3754 52804 18.4664 6583.16 10.1693 68.1118
15.6795 60.3514 52.5016 42672.3 23.9807 7243.75 20.9909 19.9829
26.1966 63.189 24.8373 64858.1 24.2623 9771.26 19.1529 33.0709
19.8996 62.7847 52.0544 61675.3 19.2226 14456.2 18.0834 59.2551
47.2401 73.5711 54.439 69951.8 35.0145 22126.2 9.44786 58.5829
25.3727 56.466 40.7154 49347.5 9.42666 4299.73 16.6967 51.4317
7.67524 64.8936 16.1987 62652 25.334 9705.12 17.4566 59.457
-8.33873 53.9683 42.4473 47727.4 -12.5734 3953.62 23.4077 37.0556
32.4736 67.7611 36.5518 56908.7 36.0773 18868.9 19.013 45.7544
54.0508 70.2114 44.6191 57864.1 33.8899 10690.7 16.3727 75.386
1.97327 51.6495 46.2494 39243.2 9.21031 3250.44 17.8006 10.3061
65.7125 78.1735 13.546 74749.5 26.1355 13473.6 11.0554 84.6737
75.119 73.9112 11.7394 78058.3 39.1768 15796.3 10.2474 66.1619
71.556 70.6162 31.9869 77981 51.4781 14895.4 12.0908 84.093
36.2327 58.5809 61.0636 51320.3 13.8032 -157.155 16.3507 65.4319
17.9432 57.6811 37.2421 57156.6 10.5827 10365.5 19.6908 55.5085
58.2506 69.6963 33.5834 76719 42.4106 17538.9 16.2801 57.7973
21.2909 62.168 55.0251 53733.8 16.9583 6175.8 16.6097 47.5891
66.8963 73.3775 59.573 78727.6 59.9454 16752.7 13.5878 87.137
28.8321 72.1364 52.2289 69535.5 39.7242 12260.5 17.6475 60.9159
69.0921 78.6377 36.0734 67157.9 31.4362 14844.9 12.3011 106.138
38.6856 66.7104 45.6123 47821.5 16.689 11956.3 16.8158 55.2656
47.9361 70.2913 44.401 65910.5 29.8297 11713.5 11.7812 66.5231
29.8362 57.2166 28.9791 54025.4 9.3157 3745.01 15.5907 35.6585
69.8826 71.3917 33.6703 68691.2 25.5283 14484.7 18.2382 55.7314
21.9291 53.7763 34.4431 45155.2 20.2702 6162.56 14.5229 44.6682
37.5954 71.7212 12.0603 71028.6 21.7738 13193.2 9.80528 70.9308
61.6797 76.3238 40.455 78248 43.3143 21174.4 10.1181 80.0642
99.4123 77.9285 35.5776 72373.6 75.4155 22393 11.7566 99.3118
30.9034 66.0692 36.8836 72190.8 31.0522 10413.2 18.199 79.8338
44.6927 71.6845 34.4915 59956.8 45.6304 6632.22 22.4785 66.8403
7.40169 54.2347 37.173 40330.3 -8.1679 1286.16 20.094 9.24516
30.0129 61.5509 27.0022 74002.3 59.7326 10779.7 21.4364 38.9461
46.465 64.1784 43.5696 76164.7 39.5208 17135.6 16.2792 52.4063
42.1451 70.3936 49.629 67562.5 46.0001 17941.3 14.4141 57.3102
61.6614 66.2433 9.37928 63228.6 48.1135 14431.8 17.0402 67.5423
44.4371 61.1719 44.38 73070.3 29.5111 12196.9 15.9023 67.0644
68.438 76.0366 60.9099 76932.1 81.4908 23451.1 12.9182 82.9063
55.1781 75.2995 38.4532 62943.5 60.5392 15145.6 17.0532 60.5352
45.0585 69.8626 62.1692 66202.1 46.3318 13169.8 18.6199 61.9127
41.6781 66.5968 32.3662 58131.9 41.3599 11720.9 19.1815 63.3194
22.7414 53.4925 66.9947 45442 13.0278 5831.36 25.2132 22.5444
58.1646 77.1805 53.6246 56174.8 53.1432 16052.4 12.2989 79.6032
37.3919 61.0248 34.3039 63548.9 36.511 13075.9 14.0602 43.9619
6.26125 59.6995 35.0327 56417 22.3038 3290.23 19.9981 28.2966
88.1946 78.8564 44.9637 78024.2 50.0971 16764.1 12.5412 84.3282
38.2613 72.116 38.5772 66321.3 36.5562 11732.2 17.1299 64.9651
49.9815 68.6402 48.9486 60733.7 55.9225 8319.57 16.54 49.541
43.0123 69.8377 36.5785 75128.4 24.6141 21357.9 15.9849 69.4071
21.2314 58.7176 64.184 41835.9 -6.40203 3028.54 17.0208 25.3903
33.3959 69.5504 37.8322 63564.7 33.4718 11607.1 17.2134 42.7921
28.6603 64.3213 32.6307 60730.3 39.178 6217.78 14.3159 48.7527
40.2903 69.6024 34.188 53763.5 25.1688 8973.79 12.6177 69.1936
9.05266 59.5412 46.345 53244.8 -2.60267 626.434 18.6729 39.1631
46.4596 71.7529 44.3399 77222.9 41.3706 24069.4 10.3184 78.6765
46.1577 67.5622 55.5118 52772.6 22.9556 12864.1 13.3301 67.0867
5.95371 47.8035 47.7826 41070.6 -8.7883 -108.189 25.1691 28.4276
54.4185 64.7182 57.1054 60586.7 57.8011 6995.51 23.4686 45.1708
52.4498 72.4871 44.1532 77434.3 48.2394 13233.4 21.3772 79.0623
16.8101 65.7074 47.2416 53692.1 10.627 4902.3 17.3268 72.4321
37.0921 64.1425 55.2645 59241.3 31.8622 10032.7 9.9433 77.9697
25.9157 69.055 38.6691 58945.5 31.9316 11707.9 16.5531 52.0171
66.9344 76.2862 64.0206 72235.5 49.9479 20177.9 12.8831 80.3821
38.1293 78.9672 32.9614 71189.8 29.189 20000.7 13.1834 78.0729
47.6174 72.8653 52.1303 77902.2 53.0899 22734.6 8.24995 71.0212
20.2111 61.8731 55.3957 58434.2 12.4786 10656.4 16.3001 41.1912
32.6635 59.997 25.5912 64103.3 40.7993 14134.6 18.7046 62.2403
59.0465 73.2592 59.3392 61089.2 32.6269 12402.2 9.15169 72.4095
43.0103 69.4618 30.484 62074.7 26.5546 10817 15.132 65.4358
52.506 57.1923 40.3786 42508.2 45.8105 5460.59 13.2876 21.7271
58.0161 70.3083 31.5745 63864.9 38.0784 15009.6 15.4989 73.2151
61.3022 73.4338 52.3118 64558.9 39.9411 13409.5 14.8973 73.2716
-4.839 56.7185 48.5807 55691.1 23.6311 10297.5 18.8094 63.5106
55.0431 72.9555 57.1454 70520.7 57.1322 13913.2 14.6151 87.909
49.0895 67.3542 50.3467 58797.5 40.4709 6089.53 21.9971 38.004
14.882 63.6893 48.7874 49560.6 31.4522 8689.86 14.6318 59.6855
61.8345 70.7559 49.4539 69035.1 33.3463 13536.8 17.2169 64.6519
18.9447 55.1292 28.0272 45074.9 -3.09214 3433.25 25.1709 40.9934
27.7602 56.2962 26.3958 64762.9 42.2847 13042.8 18.2051 34.2452
35.2121 73.4151 36.596 74163.9 44.7898 15755.4 15.7039 82.9759
14.0943 58.8749 48.8119 54862.9 22.6308 3508.47 17.6609 63.7752
8.92309 51.744 53.877 44793.9 -1.28234 2681.8 16.5506 10.8949
71.5844 81.8714 52.9837 67723.3 42.4776 20566 8.80586 102.323
39.5113 73.458 13.6835 70918 40.9505 14532.4 14.3174 60.4904
46.0542 65.6721 31.9095 62068.2 36.2242 10706.1 14.7011 58.0046
17.8294 62.3427 29.6502 67769.1 26.6556 16001.1 13.8614 44.1395
42.4004 65.9413 24.6786 80283.5 51.7155 19526.5 12.7029 64.4683
26.7737 65.244 62.7012 61219.2 40.2313 19479.5 10.3965 37.7926
50.9931 68.3265 31.7846 66367.6 36.9801 9577.62 19.1727 71.5152
22.609 59.1464 65.2566 52738.5 32.7203 13230 14.5988 47.9279
28.6887 56.944 38.0348 60780 1.72468 7928.65 20.4126 34.7845
78.2115 79.9806 36.6498 74065.7 53.1875 20135.7 18.9297 81.0055
54.26 72.315 37.1724 68018.2 43.4039 20184.9 10.7126 55.1485
23.3099 67.948 37.0529 57132.6 4.87106 11817 15.2483 38.9995
-0.326741 56.971 46.7901 55633.6 32.8476 13238.9 18.9249 41.6802
18.3701 64.4962 30.0337 67606.9 24.7508 10370.6 20.4397 42.0503
33.6153 63.1374 56.2055 58487.2 17.7687 7791.23 14.6935 45.92
57.9577 72.9243 23.7591 77159.5 48.1734 11756.5 13.4483 72.5848
83.8743 86.1469 49.4826 83435.1 62.9317 29441.8 8.68996 107.085
29.154 61.7507 48.1037 64681.4 30.2148 8954.13 18.861 42.3509
4.93464 54.9525 42.1114 48942.9 16.8559 3116.27 13.3818 28.8808
1.29177 61.0461 54.3938 57462.3 45.2542 12491.6 21.759 60.9694
43.6834 73.7818 61.0324 60227.6 54.4963 13246.4 14.7962 77.0486
38.8607 67.4337 52.3631 72161.5 24.2012 10903.6 14.3469 69.1948
44.0593 52.2649 60.0853 35141.8 7.12081 -4667.9 22.965 23.894
74.2875 81.29 27.0225 85145.3 79.7616 27344.9 7.83228 97.0552
-4.56366 55.9209 42.9074 58303.9 4.97306 3642.81 17.8791 57.1153
23.6786 59.0091 28.0047 69218.4 45.0882 10867.7 10.2926 39.7603
10.3392 57.8135 41.973 49455 6.76851 662.572 22.9271 29.0531
45.5191 73.228 34.5883 70986.3 43.3021 8160.62 17.4587 68.6889
10.1848 53.3035 29.9614 45618.1 15.1152 3038.52 18.8384 38.0813
36.5379 58.7837 66.6547 54046 41.4628 5273.08 22.2871 40.3808
31.4858 67.0963 49.498 68056.3 40.5844 11138.8 15.0781 67.8453
46.8467 68.8715 44.2408 71599.8 40.5464 11520 20.7111 72.3574
73.0386 76.689 60.6561 74362.5 54.6695 21756.9 12.9843 95.3244
6.90553 54.191 55.975 53407.2 40.2101 15902.1 15.4391 24.6375
63.983 69.668 38.1812 72942.3 48.3157 17176.9 15.5112 53.7918
10.4623 51.2783 41.1488 49339.8 26.6059 3268.35 23.3568 30.3276
3.66826 55.5183 36.5313 51731.3 18.1789 6451.6 19.4101 28.3482
36.6748 66.9844 56.4136 56221.6 21.3332 4838.89 14.3015 46.627
18.9601 60.2421 41.0265 52502.2 25.5187 5356.29 17.0405 47.932
57.427 71.7129 56.6173 59460.5 49.2774 8802.49 18.3005 67.4852
53.0013 75.8308 53.2501 60875.4 25.8772 12963.5 24.5091 60.8304
45.6598 66.7766 49.5896 54840.6 23.5077 4888.92 18.7801 29.3861
8.39303 53.7705 56.681 57563.1 21.8649 1440.91 15.2704 21.1778
12.3835 58.2211 50.5306 56019.7 -8.80085 9862.36 16.2719 47.6177
75.0728 68.1058 60.7142 50678.7 2.02819 10221.1 22.2481 53.6543
41.9843 66.8019 51.6405 63574.5 27.5938 7973.36 14.5379 55.5065
26.0221 61.3872 51.5657 54707.2 36.6412 9006.69 15.7013 67.6832
50.6753 77.0965 45.2438 76860 38.177 15498.5 14.5698 61.8317
73.4012 73.7232 48.0188 56316.1 40.0471 11387.6 16.7255 67.2382
15.0612 71.9952 21.9707 74662.1 29.4821 12835.8 16.1488 68.7285
-4.41804 59.2437 39.6047 62775.3 35.1016 13342.7 20.1256 33.3053
22.1254 59.8487 47.8756 56314.8 7.86022 13202.2 8.73491 45.6997
35.2592 62.3716 66.2233 48546.9 4.61704 5430.09 19.7849 43.9731
27.3309 60.417 65.187 61615.8 39.4593 10107.1 17.0671 64.477
28.0684 66.3498 40.302 64410.1 42.2595 15589.5 14.0198 73.2441
44.978 69.766 36.1447 68450.7 48.0084 11845 16.0299 75.7015
17.674 59.2618 53.8107 43266 11.3322 5292.26 17.6024 37.4426
70.4339 70.4482 46.7736 65360.3 51.3497 9963.33 11.5476 73.8503
53.4324 67.6721 32.5142 65603.7 46.222 7946.06 17.659 59.1324
16.9079 67.6443 69.184 62757.4 27.6137 9530.38 10.3419 66.8307
-0.304021 58.4931 52.3857 53059.5 31.9564 12142.4 11.5312 55.4464
28.3265 68.9175 45.6429 67522.7 16.085 13800.8 8.03909 65.4012
7.68899 58.5844 46.9582 46301.8 7.26751 7799.01 18.0355 25.8371
-16.3009 53.5583 47.223 43048.9 29.4196 4439.41 20.4764 22.3874
22.5135 60.967 55.2027 48969.2 8.68121 8898.58 21.2596 52.0223
75.0042 78.7062 48.8284 74839.5 52.4799 22525.9 10.4516 51.1554
68.8326 74.7003 31.9159 81936.9 55.588 15386.6 12.6621 58.8052
37.4067 71.8061 28.9878 77061.5 29.8606 15416.3 17.8312 69.4175
45.4842 72.8964 47.8106 61170.7 29.1037 7496.67 16.3122 63.8936
26.6082 61.0051 48.959 55023.3 24.6977 9792.18 13.7317 57.9849
8.87756 56.8797 49.3734 46816.8 -1.31081 5633.37 13.7803 55.5293
68.5576 72.459 57.8495 63123 25.8843 13950.5 10.112 62.9683
57.6393 67.676 52.3992 65664 43.5689 13513.6 11.2741 56.1994
79.6618 68.2289 32.3204 62941.8 22.2502 10524.8 18.9353 73.3742
38.7192 64.3997 52.945 59887.6 35.606 11459.1 14.8741 46.7496
29.6981 62.1768 72.1785 51178.5 19.068 4497.92 18.6209 63.9743
56.4108 70.8044 56.7089 66919.3 26.6437 12535.5 18.8959 54.3386
31.9837 61.529 46.5286 54969.6 30.347 2765.38 17.1495 63.0381
56.4963 72.1667 23.9695 63554.6 47.0161 12286.1 12.0708 74.7734
20.6673 64.5273 38.4529 69295.2 32.614 17264.8 11.7042 52.7637
74.3089 74.0741 35.1628 58902.6 35.1819 14564.8 17.2356 76.6459
24.5995 58.2776 47.0078 58443.7 18.9989 6099.05 16.7566 26.7441
40.3813 74.0282 57.4503 74563.7 14.8881 11601.7 10.9208 86.3538
9.29143 62.0838 39.3509 55488.7 21.4257 9473.06 18.4055 57.7763
99.5152 83.4678 39.3096 76463.4 40.3369 24229.4 5.17214 98.0433
50.0417 68.8387 43.3883 69549.1 51.2168 20640.7 11.6236 66.6344
85.5969 79.2694 46.8171 62876.2 37.8602 15119 7.14681 92.365
0.957859 54.5331 21.1961 47662.9 4.03672 686.881 11.8211 30.637
59.5591 71.8935 29.818 72297.8 7.0562 9153.27 12.6288 65.5689
26.7504 59.2217 38.2829 52637.1 26.392 8643.81 20.1139 19.5945
-15.3804 59.6824 58.5181 57900.2 -4.44181 6566.16 19.8668 36.3512
14.2681 62.0591 42.5031 70751.4 38.224 11173.1 16.0179 59.6549
68.8366 68.5999 38.4682 67147.5 60.4263 10752.8 13.9898 65.9046
61.4194 69.4869 42.546 66319 31.1734 16401.3 16.3226 57.4187
55.1145 75.5411 40.8793 63000.4 38.521 12870.2 16.8841 76.0642
10.8823 63.2229 63.8554 47744.4 19.4119 4480.85 16.8042 64.0905
55.1783 71.7341 48.4514 73537.5 20.3888 9268.09 17.5659 52.7933
69.367 74.9096 46.6336 79258.8 66.468 16839.2 15.693 88.7215
31.6904 67.972 31.7244 68286.1 35.3862 12507.5 12.3846 73.5722
22.4998 55.6844 54.8074 44716 8.34197 5544.91 15.0726 23.0789
44.0061 72.9238 33.7931 55191 26.7723 9567.93 8.89669 79.5602
18.7329 59.1858 50.6692 54019.3 19.7595 6629.16 23.2816 34.666
26.9869 67.0689 21.4245 66421.1 53.8807 14806.1 11.5135 59.762
39.2763 69.4162 69.7669 57720.3 41.4754 13947.9 11.4908 74.6632
78.6936 82.4204 59.0426 68444.4 55.2482 12974.3 11.0337 92.3496
31.249 62.6917 38.3642 66095.2 42.8531 9691.72 18.8196 48.3895
22.4157 65.171 38.7674 61594.6 23.6077 8011.66 16.882 66.1181
-3.04913 50.7726 34.1534 50427.9 17.8246 338.176 16.1844 46.2044
50.0659 66.8002 34.607 74313.5 28.2589 14517.3 16.7239 53.4159
27.5184 64.722 39.3277 56712.3 12.5394 11460.2 15.0424 58.4982
38.9696 65.0242 45.0386 58418.9 23.4146 8042.59 20.865 90.7757
22.8156 59.6187 44.9127 49974 3.53306 4785.28 18.5807 66.3624
-16.234 53.4201 34.2017 59876.3 19.2973 4636.95 21.4192 19.2468
54.427 74.6262 53.6362 65170.6 21.6862 9974.53 19.3253 69.6894
35.7164 71.8204 48.8454 64662.1 35.7722 9438.48 14.149 59.9422
40.4303 62.5999 35.8499 47596.7 19.2991 558.543 19.0929 41.3206
34.204 66.7965 44.4887 61369 37.8272 12873.9 18.6865 53.7985
39.5082 62.6586 21.217 51614.7 15.3465 6991.25 22.8058 39.3034
60.906 68.7653 66.633 72509.4 34.7991 12755.9 17.8578 49.7563
70.6801 80.3431 37.8214 74723.1 47.4975 16801.2 8.69238 72.7093
3.48297 57.3937 43.1947 65064.4 43.2252 13164.8 16.4449 48.1008
17.1944 62.6363 32.2091 70793.6 42.387 13832.9 10.3599 76.1727
23.3197 57.939 42.4117 50800.5 11.1695 9411.91 16.4463 32.6742
12.9914 51.0922 55.3412 43843.2 7.88381 2712.82 22.8056 23.2804
45.7758 70.8165 44.3072 66701.8 25.6084 12151.6 13.1195 64.3438
40.3315 63.3203 32.483 58764.4 35.5825 11434.9 16.0673 58.7016
88.4863 73.425 28.6812 69847.1 68.2016 20480.7 13.1331 64.7795
8.07341 58.2791 50.4039 47774.7 22.9707 6998 23.1716 28.7192
65.0231 83.3275 41.3395 71539.5 41.1545 16558.9 15.7406 97.469
53.9823 62.8217 58.5514 53970.1 30.4889 12823 16.0101 31.5339
50.4237 75.4871 51.3169 68982.6 37.3503 15127 10.1396 75.8822
48.1555 68.4875 28.433 70832.5 35.2104 15201 9.46721 73.976
37.0411 65.5313 48.7853 54765.6 30.584 12316.2 11.0322 68.6242
53.0986 68.6568 25.1397 67113.6 42.7489 11642.6 16.9661 57.9284
68.1592 81.5369 45.4163 69379.9 36.6128 10176.4 13.3718 77.3313
36.1978 67.273 38.0511 56950.4 21.6347 10802.9 16.8925 48.5918
75.8683 73.5247 36.5903 71824.7 44.0813 16209.5 20.7877 63.0487
55.0301 72.086 55.6428 60459.1 36.5053 15892.7 16.0982 61.8853
59.4367 67.1153 54.0638 47635.3 31.9291 8223.77 20.7257 66.8157
39.931 67.506 23.5404 72221.8 57.5884 6916.67 14.6436 53.5568
41.3178 67.511 32.9865 66634.7 45.267 13338.3 9.14565 60.8458
23.6735 56.0919 41.3124 60963.4 44.5823 10663.9 14.4747 42.0273
7.47847 58.5526 35.9249 53620.7 26.5231 10385 15.5882 64.9701
58.2671 73.044 54.7271 74276.2 49.7392 21782.1 15.7823 86.2516
82.1353 76.2033 20.0883 90683.5 59.7552 22967.8 15.624 58.0151
56.5322 72.3046 21.5018 74389.7 20.6328 11724.8 16.4612 73.2679
55.3325 77.2392 35.5351 71819.1 39.3377 12166.8 15.7507 86.6375
-6.85405 54.7131 40.6884 47189.7 4.10809 3638.07 24.5252 36.8219
-9.37161 63.4641 40.7257 53891.6 27.055 16174.4 16.7211 56.2353
36.4863 68.2148 39.1077 56289.9 33.8463 9264.94 17.0111 54.2971
4.24404 55.8426 36.8839 49991 -1.3312 903.906 19.8963 46.0752
48.6963 69.5404 28.5621 75445.2 58.9169 17949.6 13.9351 70.2288
48.197 73.8294 42.5936 66440.2 41.0921 6853.48 20.8951 82.667
65.7137 74.3927 52.7854 65245.3 33.1729 10334.7 10.554 75.5708
58.389 69.415 44.5458 70969.4 39.8784 10466 16.6497 51.6405
46.0265 65.9752 55.1701 58802.3 29.0327 6178.88 15.8876 47.9523
16.2219 64.3349 47.0521 61002.5 15.9742 9884.04 16.9682 48.7722
72.8706 84.6862 22.93 86506.2 55.2863 19358.5 19.0055 90.4846
27.1922 58.2727 49.4692 51698.2 12.0077 1931.75 13.6215 46.9081
19.9881 63.0199 44.274 54674.7 11.0286 8733.73 15.5124 46.1868
68.5771 77.3437 40.7814 80496.1 58.2558 16521.7 11.3823 57.8238
39.7998 68.6222 40.6764 61650 32.9612 14907.5 14.2424 65.8082
25.7999 65.0226 57.7216 60999.7 18.197 7384.46 21.3328 51.2813
67.803 74.015 46.7201 70004.2 61.1341 16763.4 16.2707 53.9481
77.6872 73.9335 43.8189 69073 58.083 14666 13.1462 66.3028
21.9341 64.8777 12.2494 75114.6 45.6537 16309.5 10.2448 64.3897
46.4035 74.1944 46.092 56463.3 44.2731 10003.8 20.1674 80.8409
65.4356 69.7739 54.0173 63535.3 34.6401 10538.6 16.9407 85.7664
50.4678 72.3946 61.6372 69503.8 29.3918 7519.68 17.9489 83.4764
44.5918 67.901 45.5107 62256.6 16.7186 6730.85 10.0709 73.9253
70.6207 75.8118 22.6645 81846.8 64.255 19874.4 14.0702 74.4825
72.4262 77.0441 41.9199 73053.1 60.1701 16208 20.5472 70.4004
32.8541 58.644 55.3333 55619 8.63328 11259.6 17.5601 33.2889
28.7788 60.351 53.1946 61357.2 31.7948 11101.7 10.7134 44.5946
37.3109 62.0686 37.7671 58642.3 25.6256 3235.03 19.5047 46.9417
24.4712 65.7346 29.5397 68359.5 53.3268 8252.2 17.4682 59.2941
36.0247 74.6161 37.1887 67682 38.2793 17311.8 9.46866 67.7324
36.0188 69.4608 35.1003 71013.2 38.5243 10609 12.2003 59.0243
-0.0810724 51.6382 20.5367 56612 1.83034 -1816.96 16.2932 11.8617
13.3058 56.9976 37 50529.8 17.5705 11482.2 15.3374 36.1342
48.2372 71.7585 38.4989 67891.7 41.1331 18077.2 8.64307 62.3814
60.6672 70.798 68.4797 58400.7 30.1401 8143.94 14.2905 71.6244
46.7306 64.8494 52.1553 63216.8 38.5833 12390.8 17.6222 49.7023
45.4668 73.7581 32.2009 69322.9 42.5701 19566.8 18.4962 78.6
52.7666 71.1615 42.6839 66681.7 14.736 18101.2 14.9956 70.1914
44.8392 70.5387 20.396 80817 50.2101 19001.7 9.5211 64.7079
51.7475 72.7708 25.1024 72113 37.0655 7600.36 13.6152 83.2709
40.682 67.3611 37.3821 75474.4 54.4776 18513 7.01406 40.1248
-6.03474 57.7781 9.77614 50441.2 -4.86508 4058.85 17.5072 37.1871
4.5808 67.8977 38.193 62743.7 -15.9342 12575.1 14.3312 66.6694
21.7553 59.9805 39.9918 61681.9 37.7065 2184.47 23.9456 35.0376
45.4905 66.3253 47.1798 52348 39.7847 4617.67 19.6476 53.3021
28.9071 61.9507 41.3035 55152.5 13.0428 -5196.81 18.3922 48.5231
45.958 71.3919 65.8779 70568.7 38.9922 11453.4 13.9565 62.8122
23.0381 63.9739 16.4057 60741.4 33.9696 14612.5 15.3138 47.8851
38.9445 71.9136 55.5034 64255.8 36.8864 17348 8.59643 77.4024
28.8534 65.1193 82.79 52394.2 22.9822 10446.8 13.8954 54.6889
15.967 65.0628 74.3303 45150.4 -4.42128 10751.3 15.0484 46.3441
38.0733 60.9314 24.0438 70010.9 29.9805 14876.1 14.508 70.1046
4.56833 56.1676 50.5274 65592.9 -0.300048 5731.77 20.0783 22.8155
42.6944 70.8513 15.1064 66680.7 44.4243 11491.5 14.4536 70.4861
10.6548 65.2542 53.0047 55142.2 29.8577 7772.67 17.1276 46.6744
14.2013 58.4173 41.7809 51268.2 -6.51404 993.162 26.0504 38.3329
34.5109 73.8334 63.9417 59596.2 46.9848 14110.9 15.8108 73.4444
27.1821 60.2378 43.7525 56917.8 29.1499 12432.5 8.97209 32.2112
23.3633 64.0275 51.9297 63449.5 29.5257 11316 17.1352 61.5644
39.2358 65.7819 39.5579 59256.8 53.5992 9532.46 20.5131 66.7305
58.3018 70.9146 59.9891 67881.1 48.4589 11513.6 13.8607 60.3882
45.0022 67.0054 37.1177 59182.6 15.2947 11345.4 15.2604 58.4013
88.6339 84.3555 54.6772 71953 59.4461 20903.1 14.4357 68.1285
20.7179 65.6332 62.3662 56018.8 8.60114 5526.16 20.337 48.7062
38.7338 69.1457 16.144 68426.3 40.0604 12727.5 13.2927 80.2666
8.52835 59.2931 47.1245 48014.4 21.6729 2526.51 17.655 47.7571
42.577 64.0315 27.5229 57683.2 34.3744 4302.07 21.5839 48.9064
62.9137 67.1246 56.418 50772.3 27.8408 5499.38 14.7541 82.2697
78.2011 74.7976 33.8047 62982.8 29.3344 5914.31 19.1981 87.1676
29.7497 57.7742 40.596 42476.3 23.3038 3696.53 19.618 46.0487
26.7659 65.3023 37.3197 59930.7 28.6035 16085.7 14.4707 59.0076
26.4688 59.361 69.6603 56436 53.08 10773.4 19.1288 34.0374
62.8074 69.8308 64.69 52355.3 30.8587 8622.68 23.4454 55.4724
74.838 77.6942 21.2127 71811.3 55.6819 17203.5 11.6585 87.815
95.517 81.8319 65.7828 72658.4 49.7233 16481.8 14.8534 92.7467
75.826 72.0923 27.2966 73090.7 52.7684 12049.6 13.7136 64.2734
17.8491 67.5972 44.1123 61138.8 23.5931 10496.1 18.8514 63.1989
38.6503 69.6784 55.0001 63262.4 28.5976 7305.48 12.4199 86.6323
65.2822 67.127 47.2396 54367.1 31.5657 9176.85 10.0597 70.3776
46.9978 71.9541 26.321 76150 55.0985 14591.7 18.3594 69.4507
1.03583 66.0674 34.1526 63801.3 29.6418 16352.4 18.3976 59.0414
34.9958 66.1368 37.0759 66000.3 33.8129 15370.3 13.0741 53.614
55.1361 69.8794 46.2553 76194.3 64.111 14960.1 13.3952 62.9469
8.25785 64.4005 47.6544 56983.2 5.62794 9847.33 7.55461 51.2751
-3.22981 64.0684 34.4099 73020.3 17.0162 11104.4 20.8855 53.4024
72.2479 73.0604 29.2115 83236.9 52.8918 23861.7 10.2788 101.074
35.4533 68.6082 41.1139 68492.1 32.922 12864.6 17.1755 38.2903
28.7093 65.1764 51.6058 50945.4 11.4821 15903.2 16.3752 74.0987
53.6116 75.6392 26.47 79917 28.4966 21061.7 11.6569 66.2825
24.3272 69.8917 51.8412 48629.3 22.2438 10996.6 14.374 43.42
55.7521 76.2455 54.2464 67422.2 41.969 11850.9 22.0366 54.3535
22.42 64.8724 79.2214 70489 25.5235 11046.1 14.6515 49.6472
34.2316 77.171 21.4998 77379.5 32.2579 20329.1 13.6242 69.5632
37.374 60.7225 40.8235 49641.1 16.9847 8033.6 21.0965 52.8218
54.902 70.2107 43.6847 58365.9 43.0069 14405.9 18.3413 56.699
46.2289 63.4792 47.5641 49505.5 3.43762 4002 19.5966 67.4078
2.37773 58.555 53.5273 46708.9 0.568198 5528.57 12.2768 51.8005
46.2811 64.3246 44.841 48415 24.3731 7097.33 19.7945 26.341
25.412 63.253 50.259 65242.4 26.7226 7606.76 19.201 43.4256
42.5261 71.7456 44.7876 66347 26.1417 7844.51 14.0775 76.7121
27.1961 60.6005 50.1119 61841 35.0833 8395.6 16.6964 59.017
61.6431 77.2707 16.6166 74008.6 49.6423 16133.1 15.1088 89.8941
12.6892 62.7951 50.8048 56406.8 21.7432 10340 17.3566 41.5183
48.4811 68.3376 46.7188 58253.7 38.6095 17151.8 12.3015 47.6522
74.1117 80.626 43.0876 76985.4 52.5309 20346 10.5401 93.6689
-0.930207 55.3913 66.7712 54813.1 8.74136 4645.41 15.1631 44.973
40.3005 67.8932 32.4993 63013.4 41.7446 15814 15.7908 49.4387
66.5866 74.2074 37.6639 69792.8 49.7922 18229.4 13.1022 78.0932
3.12035 57.8644 32.5614 50779.3 11.608 5991.71 20.7362 25.2969
52.0988 69.827 49.9317 54559.2 30.2446 6774.54 14.3838 58.8693
8.30581 59.4248 59.9011 56901.5 24.3052 13233.2 12.664 61.7694
33.4153 61.4443 32.1335 59282.7 21.7351 11755.4 25.6162 51.0073
60.4648 66.6064 46.2598 64690.9 49.0015 9255.83 12.379 67.2672
70.5829 73.9738 51.1182 72879.2 37.568 11849.6 20.539 63.3262
53.1752 70.1755 76.5594 59458.3 14.9009 7002.55 14.1649 55.3673
56.4945 68.6309 59.0679 54305.3 10.1369 11923.7 18.0086 57.4528
75.1601 78.1595 52.2539 73191.6 54.7947 19195.9 11.678 57.6599
27.6685 57.266 37.1064 66599.4 22.4486 6307.32 24.1249 47.8445
74.3243 73.6104 22.9458 76685.7 61.4159 19867.1 13.0214 58.474
61.2571 73.4089 43.6092 59103.6 43.5832 15947.7 21.9287 57.4217
29.7594 64.5087 54.6154 53877.7 42.9391 10938.1 10.1624 54.4381
30.7829 60.0277 31.0041 79189.9 62.8204 16793.8 11.6655 43.943
45.1972 60.4731 39.647 49440.2 29.8183 7195.02 20.7517 50.4848
44.1971 65.8703 51.2839 69521.3 39.3155 13180.5 14.8178 64.997
40.9384 70.9137 34.5253 70773.1 45.4203 19669 9.01365 60.1162
54.956 73.4493 35.5216 70149.8 40.8745 14270.5 16.7456 83.873
59.2324 72.3131 61.9701 61930.9 33.6572 13445.4 16.9401 65.2994
6.2513 54.8457 26.1766 52657.2 24.3469 5549.95 21.3222 36.5285
53.3692 64.5167 61.2878 47758.9 27.0114 9089.85 13.2829 65.5581
15.8177 59.4686 30.6623 53331.1 21.3552 4546.66 23.77 42.0687
55.8063 78.8238 40.4405 77828.8 38.5051 13975.1 19.8907 64.067
33.1212 68.3621 56.4258 64376.3 7.28214 8065.89 11.5494 47.578
5.15262 59.2162 70.694 52661.6 25.8414 6198.07 17.8481 38.5963
20.261 66.301 40.64 59475.7 35.8521 13315.4 21.1809 29.4152
54.2239 75.5846 45.1258 62962 47.3753 11377.5 18.4189 67.9444
65.3639 69.9842 48.4067 73229.4 36.0768 19368.7 15.7797 57.0195
3.90028 59.3265 20.7211 59418.3 24.067 9300.33 17.2457 57.8492
48.1157 70.9328 48.8212 57196.6 14.1625 10976.6 16.9548 55.2151
47.6397 69.6484 54.3693 68239.8 56.4486 17304.2 9.81002 78.5967
15.3515 64.5833 52.0875 56958.3 35.4726 7708.33 14.8883 64.4972
69.6958 80.2311 26.2806 64149.7 54.8596 16589.7 11.0311 69.6388
25.5526 59.2352 52.8272 58802.3 24.6084 6443.14 16.4441 53.7139
39.1387 65.8565 60.0447 55661.4 28.4988 7660.74 21.0572 42.9768
55.3635 76.6577 38.4916 74389.2 42.4149 22054.6 13.4404 92.7908
25.1815 62.7881 41.6751 61039.6 12.4544 10791.7 19.794 32.3114
34.796 70.8752 46.1879 57555.5 21.1089 10243 11.3032 57.1721
-16.9115 52.9449 30.732 56715.1 30.4598 2479.5 20.7405 20.8978
41.3664 66.7359 38.1568 64222.7 35.8089 14623.6 12.4083 50
-22.8114 50.6152 34.6912 49553.3 -3.66927 2360.5 21.8905 17.6001
16.6086 60.2879 78.347 44079.9 -13.3183 4478.19 13.6548 47.8892
45.2118 64.0608 51.8474 59325.5 26.5166 7718 18.6146 65.0206
60.4192 69.117 29.1937 67761.4 41.2526 10936.6 15.8504 56.4089
24.6724 63.5156 41.4341 68603.6 13.9175 13757.4 13.5915 48.5792
19.3116 63.2985 54.92 66922.2 49.1519 16815.9 7.93141 73.066
11.9621 56.472 55.4427 53945.8 29.4796 2745.14 20.1385 30.0855
34.692 68.731 37.9101 65353.8 35.3018 11396 15.1638 63.3241
52.4882 70.3983 42.5561 66123.9 40.9752 13852.3 9.93155 72.5931
30.2177 57.4363 42.6265 58365.6 17.2291 5075.38 18.5399 37.8332
16.9723 61.7173 46.0943 48473.8 19.4264 5627.43 12.6186 39.1518
52.1171 72.1266 52.9538 61585.8 65.2067 14720.3 12.0295 64.5488
17.9059 61.0314 35.2096 52000.1 22.8293 4772.3 17.9617 37.1872
51.6795 69.4515 63.7235 60419.8 37.8678 8910.04 12.5686 56.5438
31.7923 67.9227 34.7561 65618.2 54.7236 15945.1 14.3597 63.3591
83.3191 76.9612 46.3309 68117.3 38.9849 17031 17.7568 60.3043
1.57795 58.1095 44.9358 48879.1 16.4265 5192.03 18.5985 23.7942
19.8946 59.3746 71.6018 51910.5 40.8716 11824.1 14.2212 46.9996
49.1484 64.5407 57.7135 59446.3 53.4751 8599.57 18.3787 46.3165
93.4332 72.1695 31.0011 68996.3 61.262 11735.7 17.4238 82.8809
-8.41556 54.2171 51.0592 56608.6 10.0301 3427.86 20.633 24.7925
57.1058 72.948 37.263 65045 28.4122 13730.5 12.1591 71.3163
24.6112 64.5733 31.5665 60184 21.1207 4003.03 20.9118 54.8785
25.6017 61.4909 36.4126 55650.4 -6.70876 4371.43 22.8981 31.1476
9.26759 60.3131 48.5863 52085 32.6376 5696.45 9.56456 53.9587
35.9811 56.3094 47.8003 43481 15.7738 4662.29 16.9012 31.599
46.4009 65.575 45.4597 62880.3 29.6671 9641.6 20.2649 49.6353
68.1265 65.3277 47.2439 65522.7 47.22 18791.3 13.1618 70.4574
31.9715 68.4534 37.5847 69589.6 46.4568 12449.3 13.8918 54.6432
44.8843 72.4924 51.3081 69900.3 46.7837 11807.7 14.5671 82.0473
27.6658 67.5943 32.5232 61080.8 47.1354 12378.8 6.95733 64.6908
54.0249 73.3867 10.2112 77762.4 47.2912 15054.8 22.0246 47.6297
52.4758 72.3596 64.2922 58631 36.9352 11707.2 13.7764 79.0644
43.0129 61.2687 19.7717 62070.9 36.3196 11458.4 13.3282 51.1121
78.228 77.3023 39.1087 77180.1 62.6691 22149.6 12.2028 63.6268
33.7636 58.6184 49.4664 59511.5 26.857 2063.07 18.5328 12.8804
31.8368 69.7851 31.3368 67319.6 34.6902 17592.7 17.6847 56.6513
71.3605 72.2751 56.9124 64928.7 25.2342 11271.5 15.6066 81.0901
44.2585 71.0455 42.0301 70426.9 43.4614 20727.3 6.22351 66.9747
77.0829 73.0378 43.286 79567.9 58.1305 17123.9 14.6239 83.1222
61.764 68.1977 38.8217 74786.2 35.7966 14846.2 14.3077 56.6781
76.0668 69.9215 41.0477 61322.3 73.5691 14328.5 15.3838 64.7461
53.1692 68.2619 40.0985 60028.5 37.8102 12420.7 16.9445 47.3625
46.3478 68.0604 26.4292 65208.1 30.2746 7063.63 12.6921 72.7411
71.2825 79.5546 45.8365 64162.2 65.2379 18615 10.659 77.1091
35.8193 62.7512 32.8191 59075.6 32.6485 6018.16 15.1788 65.3626
41.1818 66.5492 22.3747 78399.7 33.9248 6995.2 11.6801 69.1716
41.4821 68.6752 37.0277 79059.1 56.7603 14587.5 11.8702 63.1239
59.5063 72.973 40.6839 73468.5 37.319 19503.3 7.72981 82.1094
41.2781 64.6106 27.0591 57709.9 40.9313 9531.56 22.6674 48.8664
39.0731 68.7045 42.3502 61175.3 29.3572 14569.6 14.0176 62.2006
41.5849 62.9889 25.9889 63548.4 28.9622 12201.3 15.3948 70.6534
22.1943 65.6548 39.9304 65707.8 16.1899 7598.6 14.1366 55.032
14.7458 54.9326 53.7881 50244.8 21.8733 3085.1 20.1679 21.5114
51.471 67.7737 48.6651 69675.4 22.6209 9511.49 17.2246 68.008
53.7635 71.6628 42.6749 67215 45.7139 11936 15.1893 62.7101
33.0139 61.1767 27.0129 63097.8 47.6466 5385.55 24.7231 57.997
-0.753281 61.3573 28.2264 63060.1 21.0679 7671.78 16.423 53.3242
59.7535 71.6916 17.2352 77656.2 36.6456 14737.3 14.7081 55.9214
42.797 61.4977 48.9869 60213.2 52.1869 11876.5 16.3481 42.2225
41.1895 63.8892 48.2167 49637.1 16.2796 7361.49 8.49304 66.3496
22.6763 61.5431 47.9713 53998 3.57006 8525.26 19.117 41.2115
52.4244 75.7941 66.4273 61145.2 29.9209 13996.6 15.1041 76.1756
50.8082 72.3747 51.7547 65688 16.5519 13405.5 14.8164 68.7828
17.759 60.6677 49.8604 56451.2 31.9422 14666.3 18.8297 40.7749
17.4958 67.3523 51.4669 63350.8 29.1949 8112.37 15.4825 51.7572
61.2772 71.2216 25.4326 67022.3 53.0235 11485.2 19.7418 71.9626
59.5303 70.052 51.1764 67553.1 51.9765 13175.2 15.818 55.8028
46.6949 69.0837 60.6394 62263.6 26.4264 19776.1 11.7455 56.0531
46.3614 66.5675 31.5987 59158 25.7648 9565.71 18.6671 49.1324
63.2865 69.9208 24.067 73216.8 37.0928 13518.7 13.9065 59.9228
39.0876 67.4565 37.8194 74161.6 35.0882 14907.6 14.9613 83.8427
19.5144 59.2802 57.7433 45570.7 26.2737 -1772.12 20.0481 55.1327
51.5908 67.7841 16.4815 75081.1 24.7398 8359.31 20.698 40.6782
61.1506 67.5639 33.0902 62525.2 48.5667 16785.3 9.32331 65.8559
38.4268 63.9491 48.2581 63664.6 30.8555 6722.98 20.3162 55.0824
40.5243 62.9711 29.1808 64325.2 23.3004 12041.8 11.9534 59.5179
41.329 63.3885 44.8073 60570.3 41.8927 12699.6 11.5943 56.8985
27.1356 65.6667 49.6071 55864.5 30.3036 9871.52 18.3311 52.7634
48.3342 63.9781 43.058 74825 44.3269 12108.9 16.1116 60.0571
35.809 72.9927 51.8105 59303.1 12.1027 13541.2 19.3009 54.1362
67.176 68.3372 42.7651 56226.2 61.4991 15876.2 15.2449 50.9104
1.87945 65.949 41.09 59174.3 11.4643 13255.7 20.1071 58.042
28.4746 56.4405 63.8249 38608.6 -4.71952 -2060.81 20.5339 29.1734
21.0632 59.0754 38.1724 44742.7 17.1487 2481.3 16.4494 30.0285
49.4309 61.624 35.0996 53367.7 41.0514 6245.57 20.0884 55.8741
35.9113 61.9398 59.248 63752.4 33.4319 13525.8 19.7207 57.2994
47.747 71.1116 44.3092 71850.1 22.9756 13638.9 18.9091 56.9718
69.8615 77.8613 44.2265 76966.4 69.4026 19934 9.62559 87.8751
32.8604 70.3486 15.1844 68927.3 32.3147 11682.5 21.582 66.5323
26.9323 62.4339 61.4455 52467.6 46.7063 10233.5 19.4042 58.0428
45.143 65.6426 44.5957 52056.9 28.7847 6478.85 18.8706 57.8305
53.4341 73.7513 19.182 70130.6 49.6825 20476.6 12.8497 80.6296
33.4709 61.4739 52.7924 62394.1 26.9666 10073.1 21.9075 57.6055
40.3628 64.5368 41.0903 52033.2 24.4469 3541.58 13.9769 81.9748
92.498 80.7316 44.3478 79041.4 55.6355 19421.3 11.8823 84.9975
44.11 70.8755 52.5462 62739.7 30.2484 16112.5 16.8869 48.8011
8.02076 58.6773 42.7392 59508.7 35.7165 12954.9 12.5707 54.1754
27.536 61.8397 56.9777 50670.3 -8.48238 4067.45 16.5556 29.2691
55.7011 67.8192 45.1705 60036.4 38.3643 9066.46 14.4646 62.5958
20.1623 64.8617 61.9414 61127.3 47.4907 10899.9 14.8258 41.1647
67.4045 67.5487 31.988 59838.1 54.4841 18036.8 15.0155 40.2006
44.4151 66.9629 36.0519 53175.2 30.7187 5812.46 19.2675 63.4955
24.433 64.1089 14.6264 58441.3 35.8681 5923.96 18.5217 55.7319
53.8454 78.4807 29.8228 68080.3 61.0011 21482.5 13.7267 82.3891
76.4571 76.5077 47.0407 72640.1 54.0366 18989 10.6482 68.173
86.7726 81.3856 46.4772 83015.7 75.1648 22444.7 9.89697 101.223
36.5193 59.9179 34.6128 43349.5 2.11039 891.402 17.3944 59.1791
47.1147 59.7545 39.4692 52398.3 25.7458 9177.28 17.0547 33.7611
54.2145 68.066 53.0213 46169.3 33.4605 8128.36 13.9893 51.5062
55.417 72.441 44.0046 59657.6 38.9435 18410.7 9.45892 61.8141
44.7468 69.6443 22.488 75690.5 43.7777 17527 7.09836 62.3893
69.8527 71.8801 28.2652 58973 36.1496 12894.3 14.0093 60.3049
33.4531 60.3157 42.2793 49069.5 53.0926 6214.04 12.5791 48.967
7.79304 60.7767 38.0801 55730 28.7143 6114.67 10.2964 44.0017
38.2595 72.0221 68.1102 64577.9 22.3375 12926 9.0861 86.0447
-0.644965 56.4264 54.1241 53670.7 25.1864 3850.64 21.2294 23.5883
28.1736 63.3556 56.92 53148.6 41.2438 9968.33 17.91 49.7297
65.0724 65.9954 41.6956 57770.6 40.0072 3836.73 22.8137 41.3098
45.4796 60.6178 57.9321 53399.4 32.9242 3894.62 20.8661 37.0422
59.5271 74.192 42.0528 71554.3 29.6474 13485.2 19.4272 78.858
13.444 59.0217 41.3179 66742.7 21.6429 10002.8 16.2537 42.1995
58.7219 71.0649 57.6153 64060.5 50.6653 17314 10.4156 51.1675
32.5434 59.5937 42.2286 58073.7 37.8098 10801.7 23.0786 30.3431
18.4435 64.5697 25.6322 56181.2 9.69168 5576.81 21.6415 54.4141
6.68515 58.872 32.3757 61146.1 16.7918 15747 16.0845 30.1771
37.933 60.2807 41.3893 56563.8 24.064 1640.6 22.4599 29.9113
56.5303 64.5591 44.7001 65651.7 46.0027 16616.8 12.5411 58.3359
36.9398 75.4712 49.2532 69483.5 42.8074 16308.9 15.8858 58.3984
58.3906 65.2474 53.4968 70445.8 51.4967 15187.4 14.1995 44.8069
46.8657 62.1723 51.932 68455.9 41.1598 8977.19 12.7335 50.827
43.944 66.8776 44.828 58647.7 50.0201 7124.93 10.8607 60.2937
-28.9952 56.5423 22.7885 43886.6 -19.9639 7923.99 15.9536 43.4558
25.1606 59.2752 41.6158 53735 13.546 5885.27 18.4077 33.4669
54.3904 74.5918 26.773 62264.4 48.6006 14053.7 15.0146 100.21
16.7892 62.0364 34.8139 53146.3 22.131 11487.8 21.5116 53.9629
63.1498 74.6235 33.5991 73990.3 43.8728 12796.3 7.7577 78.5838
29.0745 63.9015 60.3318 57004.3 17.3969 8904.71 18.6032 55.3671
50.5498 64.9723 63.854 55581.8 30.3382 7319.46 14.7992 42.4234
71.0556 75.3762 28.2128 66704.9 24.6089 17118.5 17.9568 59.5976
37.0782 68.069 38.4378 61216.7 30.3816 13209.6 19.8293 75.268
48.2611 63.8937 49.2744 58014.9 19.4636 3901.8 23.0169 54.9229
41.1291 68.5943 51.8505 55643.2 38.6053 11098.2 16.8454 78.7805
5.46428 54.7694 46.8522 38959.7 6.02614 -1026.43 26.5407 17.3735
19.3272 65.1781 45.1093 60062.3 9.61488 4749.2 20.3933 38.9594
20.4629 65.8222 62.5485 65239.9 15.202 9667.81 18.0157 72.4837
37.0097 63.8859 39.8845 70129.4 31.6542 12025.1 18.5833 65.4062
19.379 54.7516 49.2139 50261.9 18.0188 4675.42 18.9509 30.0248
25.8739 65.0831 22.8864 63315.8 26.7677 15694.6 12.6228 50.4436
53.1928 71.42 53.9097 65118.8 60.5874 19094 10.1733 80.7456
40.4188 66.2027 20.7309 49043.9 26.9441 6490.78 23.625 40.1968
36.7415 67.4144 56.5344 61811.8 51.423 12755.1 15.5235 66.9073
-15.4384 53.8242 46.3279 44448 13.7161 110.603 18.7273 33.8591
14.0362 59.9273 37.8939 53734.1 22.646 4963.62 19.0933 27.6354
38.2864 70.6597 30.9764 80178.8 63.7373 16354 15.6128 54.3607
54.0103 68.1275 33.9506 66679.8 37.1669 14747.6 16.6853 66.2026
30.5422 65.5261 45.4089 67383 37.1944 8564.51 17.8441 42.4434
37.2334 56.8447 47.2914 51710.5 16.4395 4181.54 22.3408 32.1809
38.1679 73.7342 39.1366 63118.7 24.7979 15620.7 12.2714 82.0208
3.39153 50.9684 46.8391 46653.9 27.0053 5760.89 19.6642 21.7231
47.4429 68.7374 39.9463 70088 46.7913 15161.8 17.0153 93.0394
51.2449 70.9725 41.5102 63869.6 22.7593 14304.5 18.6625 67.6901
88.2347 73.4199 38.6764 62452.9 36.5277 17709.8 11.6344 89.2661
20.5595 60.9139 24.9034 65353 45.8974 13464.5 8.54522 47.9034
-26.1548 53.9128 48.0937 46187.4 1.49532 3930.62 17.4541 38.3246
47.9155 73.0088 8.73213 79122.6 35.4117 17482.8 11.1197 76.8225
42.4824 62.5394 32.6577 58442.6 42.4397 2163.94 20.4913 54.8724
34.5452 73.1237 28.1264 71670.4 40.1359 19549.7 17.8414 64.085
37.0272 58.6856 77.6431 43194.8 0.216885 628.545 21.3324 30.1485
58.906 70.7081 53.8082 56506.2 25.6094 8777.54 15.9797 68.5192
38.1074 68.6535 42.1321 69141.1 49.5494 17524 9.75135 73.2715
15.475 55.6029 75.3065 48863.4 14.2913 1940.69 15.7841 35.2598
91.1824 74.7905 55.906 78049.7 39.1759 14833.5 14.7863 68.8506
64.4226 66.2018 31.6265 66384.8 63.8761 12219 8.75007 62.1492
58.4811 69.6451 32.4409 64584.3 42.2309 19717.9 7.25157 66.5501
43.113 73.5035 49.6751 55217.9 50.9767 19332.9 15.8512 83.6547
